0	1577.5	2551.86	
0.180723	1633.18	2572.46	
0.361446	1623.89	2576.31	
0.542169	1598.77	2575.79	
0.722892	1568.65	2575.27	
0.903614	1541.41	2574.8	
1.08434	1515.02	2574.23	
1.26506	1489.03	2573.31	
1.44578	1463.13	2572.6	
1.62651	1437.05	2572.02	
1.80723	1410.64	2571.49	
1.98795	1383.85	2570.99	
2.16867	1356.64	2570.53	
2.3494	1328.8	2570.11	
2.53012	1300.51	2569.67	
2.71084	1271.97	2569.24	
2.89157	1243.26	2568.82	
3.07229	1214.45	2568.43	
3.25301	1185.7	2568.02	
3.43373	1157.27	2567.62	
3.61446	1129.29	2567.23	
3.79518	1101.94	2566.84	
3.9759	1075.51	2566.46	
4.15663	1049.89	2566.06	
4.33735	1025.14	2565.67	
4.51807	1001.37	2565.29	
4.6988	979.429	2564.9	
4.87952	958.554	2564.5	
5.06024	938.722	2564.1	
5.24096	919.919	2563.7	
5.42169	902.526	2563.3	
5.60241	886.245	2562.89	
5.78313	871.041	2562.48	
5.96386	856.884	2562.06	
6.14458	843.361	2561.64	
6.3253	831.575	2561.22	
6.50602	820.054	2560.78	
6.68675	809.239	2560.33	
6.86747	799.391	2559.85	
7.04819	790.249	2559.34	
7.22892	781.641	2558.77	
7.40964	773.516	2558.12	
7.59036	765.937	2557.33	
7.77108	758.856	2557.5	
7.95181	752.23	2557.58	
8.13253	746.027	2556.75	
8.31325	740.192	2556.05	
8.49398	734.722	2555.43	
8.6747	729.519	2554.86	
8.85542	724.573	2554.33	
9.03614	719.9	2553.8	
9.21687	715.581	2553.28	
9.39759	710.916	2552.18	
9.57831	706.968	2552.2	
9.75904	703.755	2551.61	
9.93976	700.213	2550.2	
10.1205	696.839	2548.59	
10.3012	693.622	2547.95	
10.4819	690.552	2547.37	
10.6627	687.043	2546.8	
10.8434	684.82	2546.25	
11.0241	682.104	2545.7	
11.2048	679.507	2545.15	
11.3855	677.059	2544.61	
11.5663	674.712	2544.06	
11.747	672.448	2543.52	
11.9277	670.262	2542.98	
12.1084	668.171	2542.45	
12.2892	666.165	2541.93	
12.4699	664.244	2541.43	
12.6506	662.408	2540.93	
12.8313	660.65	2540.45	
13.012	658.971	2539.97	
13.1928	657.355	2539.51	
13.3735	655.804	2539.06	
13.5542	654.328	2538.62	
13.7349	652.949	2538.18	
13.9157	651.631	2537.75	
14.0964	650.372	2537.32	
14.2771	649.174	2536.89	
14.4578	648.056	2536.46	
14.6386	647.006	2536.03	
14.8193	646.023	2535.59	
15	645.105	2535.15	
15.1807	644.268	2534.71	
15.3614	643.489	2534.27	
15.5422	642.766	2533.82	
15.7229	642.102	2533.38	
15.9036	641.54	2532.94	
16.0843	641.042	2532.5	
16.2651	640.604	2532.07	
16.4458	640.224	2531.64	
16.6265	639.922	2531.22	
16.8072	639.69	2530.8	
16.988	639.533	2530.39	
17.1687	639.452	2529.98	
17.3494	639.448	2529.56	
17.5301	639.521	2529.14	
17.7108	639.658	2528.7	
17.8916	639.863	2528.25	
18.0723	640.156	2527.76	
18.253	640.551	2527.25	
18.4337	641.017	2526.69	
18.6145	641.551	2526.1	
18.7952	642.16	2525.44	
18.9759	642.86	2524.73	
19.1566	642.905	2525.8	
19.3373	644.503	2523.18	
19.5181	645.44	2522.34	
19.6988	646.469	2521.42	
19.8795	647.563	2520.44	
20.0602	648.72	2519.38	
20.241	649.941	2518.25	
20.4217	651.279	2517.04	
20.6024	652.68	2515.77	
20.7831	654.139	2514.42	
20.9639	655.657	2512.99	
21.1446	657.252	2511.48	
21.3253	658.912	2509.88	
21.506	660.635	2508.18	
21.6867	662.423	2506.37	
21.8675	664.275	2504.44	
22.0482	666.183	2502.4	
22.2289	668.137	2500.26	
22.4096	670.14	2498.02	
22.5904	672.205	2495.91	
22.7711	674.33	2494.22	
22.9518	676.495	2492.74	
23.1325	678.699	2491.26	
23.3133	680.944	2489.83	
23.494	683.235	2488.46	
23.6747	685.566	2487.15	
23.8554	687.933	2485.87	
24.0361	690.334	2484.53	
24.2169	692.77	2482.92	
24.3976	695.231	2481.19	
24.5783	697.939	2479.51	
24.759	700.225	2478.07	
24.9398	702.769	2477.34	
25.1205	705.329	2476.86	
25.3012	707.904	2476.61	
25.4819	710.494	2476.54	
25.6627	713.101	2476.61	
25.8434	715.72	2476.8	
26.0241	718.351	2477.15	
26.2048	720.99	2477.67	
26.3855	723.639	2478.41	
26.5663	726.293	2479.36	
26.747	728.952	2480.51	
26.9277	731.617	2481.88	
27.1084	734.285	2483.53	
27.2892	736.956	2485.43	
27.4699	739.63	2487.52	
27.6506	742.305	2489.81	
27.8313	745.021	2487.81	
28.012	748.995	2494.87	
28.1928	750.653	2497.63	
28.3735	753.492	2500.55	
28.5542	756.334	2503.61	
28.7349	759.178	2506.78	
28.9157	762.026	2510.02	
29.0964	764.877	2513.31	
29.2771	767.731	2516.61	
29.4578	770.589	2519.91	
29.6386	773.449	2523.15	
29.8193	776.314	2526.33	
30	779.183	2529.44	
30.1807	782.056	2532.48	
30.3614	784.932	2535.43	
30.5422	787.812	2538.32	
30.7229	790.696	2541.13	
30.9036	793.583	2543.82	
31.0843	796.474	2546.34	
31.2651	799.369	2548.58	
31.4458	802.268	2550.43	
31.6265	805.169	2551.77	
31.8072	808.072	2552.64	
31.988	810.977	2553.19	
32.1687	813.882	2553.58	
32.3494	816.776	2553.97	
32.5301	815.17	2554.3	
32.7108	813.558	2554.56	
32.8916	816.462	2554.79	
33.0723	819.349	2555.01	
33.253	822.28	2555.21	
33.4337	825.212	2555.4	
33.6145	828.14	2555.56	
33.7952	831.073	2555.64	
33.9759	833.664	2555.62	
34.1566	836.208	2555.55	
34.3373	839.153	2555.47	
34.5181	842.975	2555.44	
34.6988	847.089	2555.52	
34.8795	851.178	2555.65	
35.0602	855.152	2555.71	
35.241	858.918	2555.56	
35.4217	862.684	2555.08	
35.6024	866.418	2554.44	
35.7831	870.13	2553.73	
35.9639	873.843	2551.28	
36.1446	877.827	2548.84	
36.3253	881.794	2548.41	
36.506	885.754	2548.02	
36.6867	889.642	2547.64	
36.8675	882.537	2547.29	
37.0482	875.388	2546.88	
37.2289	878.905	2546.41	
37.4096	882.688	2545.86	
37.5904	886.411	2545.27	
37.7711	890.073	2544.64	
37.9518	893.425	2543.98	
38.1325	896.491	2543.31	
38.3133	899.498	2542.62	
38.494	902.512	2541.91	
38.6747	905.471	2541.16	
38.8554	908.461	2540.36	
39.0361	903.446	2539.53	
39.2169	898.315	2538.65	
39.3976	901.277	2537.73	
39.5783	903.887	2536.76	
39.759	905.849	2535.77	
39.9398	907.618	2534.77	
40.1205	909.715	2533.78	
40.3012	911.89	2526.81	
40.4819	913.89	2518.89	
40.6627	915.537	2517	
40.8434	916.602	2514.64	
41.0241	917.292	2511.76	
41.2048	907.037	2508.33	
41.3855	896.313	2504.33	
41.5663	895.861	2499.71	
41.747	895.18	2494.24	
41.9277	894.29	2487.75	
42.1084	892.811	2479.79	
42.2892	890.737	2469.84	
42.4699	887.597	2458.31	
42.6506	883.296	2445.34	
42.8313	878.03	2430.18	
43.012	872.159	2414.24	
43.1928	864.947	2396.5	
43.3735	856.451	2375.14	
43.5542	846.682	2346.11	
43.7349	833.841	2308.51	
43.9157	819.113	2257.63	
44.0964	802.681	2193.38	
44.2771	784.621	2117.04	
44.4578	762.768	1977.16	
44.6386	749.521	1778.34	
44.8193	755.155	1543.27	
45	799.533	1321.82	
